 200 0.0530375 0.945689
 200 0.0530375 0.944724
 200 0.0530375 0.942778
 200 0.0530375 0.93985
 200 0.0530375 0.935942
 200 0.0530375 0.931053
 200 0.0530375 0.925183
 200 0.0530392 0.918333
 200 0.0532408 0.910725
 200 0.0542508 0.903034
 200 0.056458 0.896002
 200 0.0594976 0.890355
 200 0.0629573 0.885877
 200 0.0667763 0.88276
 200 0.0709086 0.880835
 200 0.0753349 0.879754
 200 0.0800596 0.879197
 200 0.0850939 0.878942
 199.999 0.0904475 0.878854
 199.999 0.0961259 0.878851
 199.999 0.10213 0.878877
 199.998 0.10846 0.878894
 199.998 0.115113 0.878881
 199.997 0.122088 0.878827
 199.997 0.129383 0.878735
 199.996 0.136998 0.878615
 199.995 0.144933 0.87848
 199.994 0.153188 0.878342
 199.994 0.16176 0.878213
 199.993 0.17065 0.8781
 199.992 0.179853 0.878005
 199.99 0.18937 0.877926
 199.989 0.199198 0.877861
 199.988 0.209335 0.877804
 199.987 0.219771 0.877735
 199.985 0.230515 0.877696
 199.984 0.241551 0.877701
 199.982 0.252898 0.877674
 199.98 0.264558 0.877641
 199.978 0.276525 0.877607
 199.977 0.288795 0.877572
 199.975 0.301365 0.877538
 199.972 0.314258 0.877557
 199.97 0.327443 0.877582
 199.968 0.34091 0.877562
 199.966 0.354674 0.877519
 199.963 0.368727 0.877541
 199.96 0.38307 0.877623
 199.958 0.397703 0.877709
 199.955 0.412627 0.87772
 199.952 0.427827 0.877754
 199.948 0.4433 0.877774
 199.945 0.459058 0.877824
 199.942 0.475075 0.878001
 199.938 0.491357 0.87818
 199.934 0.507928 0.878373
 199.931 0.524765 0.878482
 199.927 0.541876 0.878531
 199.922 0.559268 0.878648
 199.918 0.576895 0.878694
 199.913 0.59475 0.878636
 199.909 0.612899 0.878517
 199.904 0.631354 0.878456
 199.899 0.65013 0.878436
 199.894 0.66918 0.87835
 199.889 0.688484 0.87827
 199.883 0.708062 0.878331
 199.878 0.727924 0.878452
 199.872 0.74799 0.878489
 199.866 0.76834 0.878506
 199.86 0.788921 0.878513
 199.853 0.809803 0.878538
 199.847 0.830954 0.878546
 199.84 0.852361 0.878451
 199.833 0.874025 0.878391
 199.827 0.895949 0.878319
 199.819 0.918121 0.878316
 199.812 0.940563 0.87854
 199.804 0.963222 0.878658
 199.797 0.9861 0.878636
 199.789 1.00923 0.878772
 199.78 1.03258 0.878854
 199.772 1.05613 0.879067
 199.763 1.07982 0.879222
 199.754 1.10366 0.879435
 199.744 1.12767 0.879745
 199.735 1.15185 0.880087
 199.725 1.17615 0.88031
 199.714 1.20062 0.88042
 199.704 1.22526 0.880628
 199.693 1.25003 0.880928
 199.682 1.27493 0.881121
 199.67 1.29997 0.88125
 199.659 1.32513 0.881384
 199.647 1.35041 0.881457
 199.634 1.37577 0.881426
 199.622 1.40133 0.881459
 199.609 1.42708 0.881488
 199.596 1.45299 0.881495
 199.582 1.47903 0.881523
 199.568 1.50522 0.881543
 199.554 1.5316 0.881604
 199.54 1.55817 0.881704
 199.525 1.58492 0.881809
 199.51 1.6118 0.881929
 199.495 1.63882 0.882028
 199.479 1.66598 0.882131
 199.464 1.69327 0.882228
 199.447 1.72068 0.882277
 199.431 1.74821 0.882325
 199.414 1.77588 0.882284
 199.397 1.80368 0.882304
 199.38 1.83159 0.882331
 199.362 1.85962 0.882336
 199.344 1.88776 0.882365
 199.326 1.91602 0.882335
 199.307 1.94437 0.882306
 199.288 1.97286 0.882373
 199.269 2.00149 0.882417
 199.249 2.03022 0.882511
 199.229 2.05908 0.882552
 199.209 2.08806 0.882632
 199.188 2.11712 0.882699
 199.167 2.14626 0.882715
 199.146 2.17548 0.882749
 199.124 2.2048 0.882804
 199.102 2.23423 0.882821
 199.08 2.26373 0.88282
 199.057 2.29328 0.88275
 199.034 2.32289 0.882731
 199.01 2.35257 0.882783
 198.987 2.38234 0.882832
 198.962 2.41218 0.882835
 198.938 2.44208 0.882841
 198.913 2.47212 0.882938
 198.887 2.50221 0.883102
 198.861 2.53226 0.883228
 198.835 2.56222 0.883232
 198.809 2.59215 0.883152
 198.782 2.62207 0.883077
 198.755 2.65199 0.882972
 198.727 2.68197 0.882882
 198.699 2.71195 0.882781
 198.671 2.74196 0.882742
 198.642 2.77206 0.8827
 198.613 2.80226 0.882793
 198.583 2.83242 0.882843
 198.553 2.86252 0.88283
 198.522 2.89246 0.882819
 198.492 2.92233 0.882728
 198.461 2.95204 0.882544
 198.429 2.98165 0.882309
 198.397 3.01121 0.882049
 198.365 3.04078 0.881895
 198.333 3.07039 0.881747
 198.3 3.09996 0.88176
 198.266 3.12942 0.881857
 198.232 3.15878 0.882001
 198.198 3.18804 0.88207
 198.163 3.21721 0.882153
 198.128 3.2462 0.882163
 198.093 3.27502 0.882164
 198.057 3.30369 0.882139
 198.021 3.33226 0.882139
 197.984 3.36073 0.88211
 197.947 3.38904 0.882146
 197.91 3.41723 0.882143
 197.872 3.44521 0.88222
 197.834 3.47294 0.882304
 197.796 3.5005 0.882364
 197.757 3.52789 0.882375
 197.717 3.55508 0.882359
 197.678 3.58202 0.882337
 197.638 3.60872 0.882365
 197.597 3.63516 0.882384
 197.556 3.66131 0.882439
 197.515 3.68718 0.882481
 197.474 3.71286 0.882392
 197.432 3.73829 0.882206
 197.39 3.76341 0.882124
 197.347 3.78828 0.882205
 197.304 3.81292 0.882352
 197.261 3.83733 0.882468
 197.217 3.86144 0.882569
